u v u_raw v_raw uestimate vestimate distance angle 
899.0 67.0 899 67 1 1 901.493205743 4.26221745371 
898.501780877 67.0 898 67 894.925263507 67.0 900.996365275 4.26457213607 
903.577127753 41.4566099377 914 -11 916.547837705 -23.8228501255 904.527653699 2.62691930896 
903.577127753 46.3453303143 944 6 903.577127753 79.0173604734 904.764895119 2.9361820332 
904.18359072 32.3756187703 906 -316 904.414412835 27.0586933428 904.763033296 2.05068327031 
904.14813218 30.9600167886 904 25 903.419067956 1.85377680765 904.67804636 1.96116699531 
903.109158803 29.7899684663 898 24 883.763523411 8.00372376303 903.600351337 1.88927417534 
902.682335625 28.9986994025 900 24 891.68663232 8.61423973445 903.148007592 1.83999598571 
902.215001734 28.2403806468 899 23 896.032401499 18.2081920939 902.656871935 1.79283928285 
902.215001734 28.5450812536 878 31 902.215001734 31.7547254966 902.666456127 1.81217035791 
902.598751671 23.6765094166 902 24 908.584962796 -52.2695588102 902.909233321 1.50260904143 
902.476672232 18.8355216235 897 24 900.77240191 -48.7463077875 902.673208197 1.19564224815 
901.611464922 22.6873740878 907 24 890.949259685 70.1548897505 901.896862519 1.44143745031 
901.967540153 24.7771254295 905 24 907.006006395 54.3471169862 902.307790854 1.57352424383 
900.652800749 23.9939211152 877 32 881.534917934 12.6051939998 900.972350157 1.52603236387 
900.240534426 24.0018186834 901 25 894.298631006 24.115644589 900.560440572 1.52723316525 
901.971685561 24.1273981765 905 25 930.254531117 26.1790650332 902.294327199 1.53227482462 
901.45101536 24.1448336569 879 32 896.764457119 24.3017706091 901.77430995 1.53426682744 
903.232749001 24.1545039713 906 23 929.174820492 24.295303909 903.555664544 1.53185473634 
903.32946113 24.2610789011 904 25 904.696943059 25.7680180139 903.655197127 1.53844572386 
903.458011214 24.2614763944 903 24 905.52876952 24.2678794439 903.78371155 1.53825211882 
904.397218022 24.5076255529 873 32 919.288421133 28.4103412109 904.729214559 1.55223825087 
904.110644901 24.349901266 905 22 899.593931801 21.8639899843 904.43848653 1.5427419229 
900.735345232 25.9460590519 873 31 858.645520208 45.8500701052 901.108961298 1.64997268216 
904.511146627 24.507285069 908 25 963.980500658 1.8464111431 904.84309214 1.55202128083 
904.542341297 24.5021532954 901 25 905.050184251 24.4186090563 904.874136395 1.55164296305 
904.401722878 24.3363572561 904 24 902.147703393 21.6787573133 904.729094608 1.54138821685 
904.401722878 24.3363572561 875 30 904.401722878 24.3363572561 904.729094608 1.54138821685 
904.673593441 24.6664469023 908 25 909.138959562 30.088038371 905.009803412 1.5618155016 
905.233163397 24.499312874 908 24 912.351714107 22.3731228568 905.564628531 1.55027976634 
905.224252259 24.6066976442 903 22 905.078957565 26.3575892971 905.558632253 1.55708689611 
905.224252259 24.6066976442 875 32 905.224252259 24.6066976442 905.558632253 1.55708689611 
904.93553297 24.3309765592 903 23 902.123811113 21.6458390231 905.262567022 1.54013897817 
904.93553297 24.3309765592 870 32 904.93553297 24.3309765592 905.262567022 1.54013897817 
904.968398961 24.3394475301 908 25 905.485568101 24.4727441268 905.295648848 1.54061900196 
905.261859125 24.3373696849 903 25 909.897347175 24.3045481041 905.588947122 1.53998840178 
905.25134802 24.165012928 904 23 905.096789291 21.6306229622 905.573824125 1.52910517762 
905.089363261 23.7275372836 904 23 902.716305142 17.3185693002 905.400326659 1.5017041263 
904.691709942 23.8289463875 868 32 901.227139394 24.7124772861 905.005474416 1.50878188167 
904.152515392 23.4158918817 904 23 895.311790406 16.6433803847 904.455678893 1.48352399105 
903.569095566 23.4201901128 899 22 894.106554673 23.4899035276 903.87256611 1.4847538199 
903.737806713 23.3706474919 905 23 906.388104938 22.5923781096 904.039938524 1.48133793483 
902.955570411 23.6274256971 897 25 891.384758246 27.4256799767 903.264644156 1.49890312806 
903.071156626 23.7793274329 904 25 904.907862338 26.1930995922 903.384176495 1.50834221034 
902.441461712 23.6233778017 870 32 896.2096895 22.080023143 902.750605536 1.49949981919 
902.31835722 23.8828268776 902 27 900.567754871 27.5723117655 902.634370715 1.5161674991 
902.925159575 23.7623845917 909 22 912.023810186 21.9564221227 903.237784149 1.50751161084 
903.17509811 23.8903638368 906 24 907.057162443 25.8781472031 903.491011206 1.51520774818 
902.811897295 24.0172955865 900 25 896.875030288 26.0921172451 903.131304067 1.52386692226 
902.067947769 24.7407740472 897 24 891.552562405 34.9668102833 902.407163254 1.571042028 
900.848163185 24.6471400474 896 24 881.4420392 23.157472911 901.185272087 1.56721737202 
899.745487389 24.8665438072 896 21 888.050269373 27.1935875432 900.089043972 1.58309816121 
898.451630241 24.1499126485 886 22 878.37626455 13.0307310625 898.776140184 1.53971001555 
896.258092871 23.6357587652 881 20 862.035282489 15.6141079373 896.569695077 1.51063117484 
895.633514993 23.590005644 864 24 885.885752134 22.8759384462 895.944128585 1.50875923652 
892.793441416 23.2913231384 860 23 864.893003171 20.3571129591 893.097203427 1.49440153609 
892.793441416 23.5026295144 848 25 892.793441416 26.5810400128 893.102739123 1.50795299581 
883.402296747 23.8717796327 865 28 746.310831474 29.2606147967 883.724776026 1.54790117043 
870.37048248 23.6775164026 868 31 688.83985461 20.9714675445 870.69248392 1.55828727745 
869.309833044 24.3738403057 863 33 855.006295742 33.7642143391 869.651464621 1.60604694383 
865.888008059 25.5432228902 861 36 833.633549609 36.5659380064 866.264681686 1.68970415109 
862.558199319 26.6065140929 857 40 810.921853006 43.0952907919 862.968454698 1.76678831759 
862.869502468 29.4793246161 865 40 867.698045234 74.0387468116 863.372925722 1.95670862116 
862.141464469 31.9464387175 854 39 851.372351711 68.4399046917 862.733145129 2.12211003555 
860.737062065 35.2811516491 850 42 838.586174417 87.8777943819 861.459836367 2.34720939155 
859.30741139 36.5287607635 844 42 838.250349109 54.9045663277 860.083471317 2.43415158272 
859.30741139 38.0230438922 832 40 859.30741139 58.6225161032 860.14823091 2.53359828791 
856.306597539 40.0075803561 829 41 809.770107645 70.7836850038 857.240687016 2.6749762199 
853.187205237 39.5002538929 821 37 804.87585596 31.6430741638 854.101093102 2.65074639132 
843.592869868 40.5674590805 794 45 695.204849541 57.0730802599 844.567728977 2.75317044573 
841.147448644 40.5674590805 803 37 809.019811278 40.5674590805 842.12513862 2.76116221622 
835.297890691 39.755164458 802 34 748.111673339 27.6481136227 836.243409118 2.72487888686 
827.29957146 39.7189229822 810 36 718.301137336 39.225036204 828.252481904 2.74867851518 
818.709132521 39.3036746442 817 35 703.703575577 33.7444864909 819.65201306 2.74848171762 
812.741015278 37.3189406093 808 35 731.172491931 10.192827318 813.597358184 2.62902561459 
810.032659198 37.3189406093 787 44 768.729707762 37.3189406093 810.89186227 2.6378034055 
808.994172658 36.8779686273 815 37 792.65295491 29.939006103 809.834276853 2.61001906973 
808.300324346 36.3076489365 812 37 799.112022793 28.7551778718 809.115356244 2.57191240927 
806.312047795 35.7548832439 803 35 775.949917182 27.3138320494 807.104410901 2.53904518216 
806.312047795 36.278210821 791 38 806.312047795 44.3636725586 807.12776374 2.5761582987 
806.973275631 35.6815871264 792 34 813.58538013 29.7155070537 807.761749059 2.53177351665 
802.530796286 35.7930221674 786 35 734.195762567 37.507136448 803.328587455 2.55371001645 
796.283520705 35.6796313607 779 35 699.554830929 33.9239629861 797.082480952 2.56557589769 
794.504222685 35.8936806949 767 37 767.165242125 39.1825567129 795.314602015 2.58671876313 
789.653334221 36.2480316429 766 36 724.137592145 41.0338694304 790.484856303 2.62824486079 
786.295460294 36.0015082347 753 46 734.250288116 32.1805329665 787.119215541 2.62152710756 
778.907152008 36.3210888314 771 40 669.267689287 41.0635337273 779.753533459 2.66981589708 
778.181787831 36.551497393 773 42 770.976607079 38.8401895939 779.039733822 2.68922825357 
772.903987499 38.080433098 768 42 698.700155922 59.5766778196 773.841516899 2.82064169506 
770.294966232 39.3620951084 768 43 734.727710652 56.8342410341 771.300012663 2.92527159586 
769.254380904 40.7864512915 772 44 756.130565026 58.7503681343 770.334886364 3.03502383691 
769.346689841 42.3371856883 770 43 770.617414795 63.6845977207 770.51071794 3.14981255913 
768.824274395 42.3371856883 761 45 761.500358374 42.3371856883 769.989092254 3.15194854005 
767.936356171 42.2878142337 754 42 755.457349966 41.5939364958 769.099802601 3.15191312783 
768.273326596 42.6609269062 749 39 773.000926131 47.8955919211 769.456859768 3.17827442022 
764.971669615 42.6609269062 705 45 720.844376885 42.6609269062 766.160303069 3.19196371114 
764.241220798 42.8510285061 719 44 754.766482224 45.316858992 765.441607316 3.20921581975 
762.999076545 42.9935395644 710 41 745.634377654 44.9857893467 764.209418454 3.22509720249 
746.005418787 42.8778430751 712 31 513.834191712 41.2971712578 747.236638747 3.28954646424 
736.077827218 42.8629196432 718 29 599.326103398 42.6573506461 737.324757215 3.33265595869 
724.099227949 40.8124324572 695 36 556.39228073 12.1044893538 725.24847229 3.22595104084 
713.420652912 40.3849342836 717 26 568.897436514 34.5991987495 714.562783048 3.23991109455 
712.083819687 37.8859452868 704 28 694.941489014 5.841188354 713.090955707 3.04551230353 
712.083819687 34.1213684684 695 26 712.083819687 -24.1407367839 712.900858498 2.74337951402 
707.718622878 29.3458840901 695 24 640.055864548 -44.6765390735 708.326781988 2.37443609327 
703.893413465 28.564287246 671 23 644.645775282 16.4583442696 704.472750378 2.32381150913 
701.751250222 28.7846220367 675 33 668.593026588 32.1951512256 702.341349811 2.34885701058 
697.064827711 27.2945030977 681 23 631.895496161 6.5729281723 697.598999377 2.24234713537 
688.270036648 27.343704886 652 31 551.598540374 28.108303156 688.812980093 2.27505969844 
683.511257978 25.9246707483 671 21 618.83132793 6.63757313032 684.002725386 2.17211134063 
681.52789298 25.0242384936 658 20 652.214837573 11.7163397488 681.987156346 2.10283312581 
671.014753364 24.1824653542 652 20 506.387018714 11.0009410813 671.450363663 2.06396926177 
665.32278838 23.6750205332 629 25 575.402035239 15.658488349 665.743884189 2.03796814462 
665.32278838 22.2532855165 632 16 665.32278838 0.677346430096 665.69484109 1.9156779477 
660.602333104 21.9514976762 634 17 590.171816225 17.4487384426 660.966951332 1.90321088208 
645.786883008 20.915219364 616 16 518.287055597 11.9971436325 646.12548678 1.85500061374 
643.112778327 19.710438349 617 15 604.73990221 2.42206779029 643.414755059 1.75547985353 
640.125128463 19.2691749349 608 26 593.228508698 12.3427399502 640.415085075 1.72420837325 
630.163511258 18.3562363672 609 15 475.76726343 4.20649677528 630.430806936 1.66851544457 
624.166202239 17.0226622188 617 13 532.466504056 -3.36787402392 624.398285589 1.56222011145 
624.287363132 16.0285963688 625 10 626.171755479 0.56807914623 624.493096574 1.4707477014 
620.976010237 14.576636039 622 4 570.306168803 -7.64105020798 621.147070836 1.3446998951 
620.378056515 14.576636039 625 -2 612.936047125 14.576636039 620.549281946 1.34599551258 
620.378056515 12.8537104022 629 -11 620.378056515 -13.8701442487 620.511201249 1.18695042916 
620.378056515 10.0865824607 632 -21 620.378056515 -31.7816597277 620.460048795 0.931476674483 
620.515787703 6.35212201396 617 -22 622.60587961 -50.3188880539 620.548299686 0.586507349598 
622.420487654 -1.89956703405 638 -45 640.934289479 -82.1064970723 622.423386295 -0.174860625906 
623.834589148 -7.15047475165 640 -53 646.459202028 -91.1612440899 623.875567647 -0.656703061164 
628.433374225 -10.5202754098 646 -63 700.576119138 -63.3835132398 628.521425279 -0.959069182581 
631.444168275 -25.4637748784 642 -69 672.006040174 -226.784855384 631.957388974 -2.30927263984 
634.237841306 -35.6251356528 647 -77 678.594760851 -196.963508954 635.237585187 -3.21492532065 
637.530475097 -49.4569366309 645 -102 684.756040707 -247.843597886 639.44592833 -4.43588178186 
639.233583305 -61.4626648382 643 -122 654.30326822 -167.693461185 642.1816201 -5.49213780666 
641.666806404 -61.4626648382 643 -111 674.15802484 -61.4626648382 644.603715169 -5.47143804797 
643.218551967 -72.3462168541 645 -111 661.837728131 -202.936422575 647.274347311 -6.4173907259 
643.218551967 -79.5836361818 626 -89 643.218551967 -175.031408612 648.123183309 -7.05320151306 
643.901947742 -82.3421179802 644 -76 653.41980146 -120.760304351 649.145548162 -7.28742602084 
644.416835715 -82.3421179802 629 -63 651.631191144 -82.3421179802 649.65628031 -7.28166589874 
643.498609183 -83.1142544314 639 -73 630.463293655 -94.0756478562 648.843925231 -7.35957618397 
643.122805907 -83.1142544314 627 -60 637.759331504 -83.1142544314 648.471219691 -7.36382950104 
639.996868284 -84.7474721362 631 -61 599.233128875 -106.045421407 645.583554195 -7.54314080595 
635.174678607 -70.3161833734 622 -57 568.405152544 129.503893347 639.054956939 -6.31713211956 
633.979358234 -70.3161833734 1029 -104 622.598000128 -70.3161833734 637.866907992 -6.32894603798 
632.775231665 -66.9280320141 632 -57 615.912056147 -19.4787085813 636.304844613 -6.03767200088 
631.154473196 -62.7463291161 630 -55 608.622843149 -4.61269321308 634.265773043 -5.67741468261 
635.415870976 -61.761254181 664 -54 694.056008708 -48.2058592482 638.410355184 -5.55160533682 
629.92865664 -60.0292035153 597 -38 560.599370496 -38.1452695431 632.782441074 -5.44357682654 
628.522711558 -58.3251441886 617 -50 608.342646056 -33.8661313452 631.223115379 -5.30170415151 
625.436996076 -54.3132704249 611 -41 581.856021521 2.34826218685 627.790862791 -4.96314380927 
623.82261805 -53.6961908383 613 -55 601.593459569 -45.1993210163 626.12933145 -4.91966857527 
624.494352616 -54.5786774003 637 -68 634.07805866 -67.1692038215 626.874810848 -4.9947646527 
627.564297691 -59.1337401443 649 -75 670.565919952 -122.93784175 630.34414962 -5.382937448 
625.884264293 -54.1914489186 643 -71 602.060805193 15.8919631401 628.225935015 -4.94854592569 
628.439710223 -58.5895816409 665 -89 660.959439924 -114.558712386 631.16496137 -5.32630271899 
631.506090192 -62.0168640312 674 -96 675.286572592 -110.950159273 634.543957007 -5.60873028306 
635.133470478 -63.5944591143 655 -88 681.322698009 -83.6827576973 638.309314166 -5.71783776786 
649.733859068 -73.9647750274 668 -94 851.512803206 -217.283658789 653.930329289 -6.49451144666 
645.765352163 -82.9106972064 1085 -115 590.212030289 -208.140590003 651.066105527 -7.3162575071 
654.207680388 -82.9106972064 690 -114 773.92110235 -82.9106972064 659.440575632 -7.22284718442 
662.743643172 -91.8095947054 685 -115 765.293281827 -198.719470732 669.072595646 -7.886964115 
670.960704657 -101.831951369 710 -126 800.98381309 -260.421243842 678.644246652 -8.62994216947 
675.443942161 -101.831951369 687 -124 747.108491095 -101.831951369 683.07705665 -8.57351521051 
678.3987335 -112.632575669 671 -122 724.606649512 -281.535988241 687.685203212 -9.42666454187 
680.382937151 -118.058746355 683 -127 711.129357861 -202.140502107 690.5496425 -9.84384054295 
680.261816079 -120.549543124 673 -121 678.394885077 -158.942084045 690.860572592 -10.049088596 
684.121304341 -120.549543124 691 -140 744.636372017 -120.549543124 694.66117741 -9.99354236999 
688.682597585 -121.374762616 709 -151 761.435634936 -134.537087703 699.296470187 -9.99527483034 
687.15430821 -126.758441768 715 -157 667.285390472 -196.750342474 698.747984506 -10.4517798496 
694.150962013 -126.758441768 726 -164 785.443426215 -126.758441768 705.62969086 -10.3487192347 
699.192156706 -137.740783914 733 -171 778.588209404 -310.706651913 712.63047616 -11.144555642 
702.006684372 -147.815093315 742 -177 747.560900516 -310.871677708 717.399948923 -11.8905503046 
704.624240301 -155.141478758 1206 -242 746.202825055 -271.517497582 721.501350277 -12.417046932 
709.028060991 -159.845841186 1189 -257 755.029184944 -208.986343133 726.822869905 -12.7045730963 
721.545467124 -164.680024418 779 -192 882.086722104 -226.680556687 740.099568687 -12.8565375504 
737.475999912 -173.541722346 804 -202 954.500481506 -294.26620937 757.61968021 -13.2418418808 
750.213108996 -184.984972959 794 -204 928.99742465 -345.608055971 772.683084537 -13.8514851549 
754.104954085 -184.843426383 740 -184 807.570801278 -182.898871186 776.428602032 -13.7725874211 
754.966226051 -185.514273606 721 -168 767.256052419 -195.086854892 777.424946981 -13.805495491 
758.160049668 -188.047646431 751 -186 804.344049811 -224.681257082 781.132881295 -13.9300473028 
761.952208443 -190.158028504 765 -187 810.002904148 -216.898819919 785.322382054 -14.0128844163 
768.680855539 -192.750066941 795 -195 865.707465504 -230.127075857 792.478924627 -14.076914803 
770.869161264 -192.78026934 789 -193 802.151660888 -193.21202186 794.609020862 -14.0406490226 
778.653114491 -190.680976129 813 -198 890.565177976 -160.498852961 801.660718362 -13.7601198937 
782.798111377 -193.154710767 825 -201 845.844083062 -230.78055421 806.276395207 -13.8608023174 
784.185277624 -192.994086265 829 -201 803.942230861 -190.706364237 807.584835776 -13.8261615448 
789.138715216 -192.994086265 846 -206 860.367177375 -192.994086265 812.395611255 -13.7426747556 
802.178009431 -194.301110772 844 -206 965.765381376 -210.69867806 825.374145744 -13.6157766046 
820.239362606 -197.546236166 862 -208 1070.53962885 -242.518268006 843.692555017 -13.5412178443 
825.350547649 -201.18601175 860 -209 898.724095289 -253.436760832 849.517120386 -13.6991636207 
831.049056137 -201.18601175 828 -189 912.242550629 -201.18601175 855.054585995 -13.6087329364 
832.721397543 -200.95961053 842 -194 856.681927567 -197.715839123 856.626926375 -13.5676967277 
835.88163443 -204.247121632 868 -212 881.889716662 -252.108116403 860.473702953 -13.731126088 
850.718188585 -205.259303349 873 -214 1045.0450663 -218.516701979 875.130172032 -13.5649313803 
853.693509285 -207.106332784 879 -215 901.959313612 -237.068938599 878.456396684 -13.6365238946 
856.504137027 -210.050557253 888 -220 901.228938927 -256.901249777 881.884671227 -13.7793658466 
864.458226265 -210.711128732 904 -224 992.67870029 -221.35958711 889.768062322 -13.6986817269 
871.675429667 -213.009524084 907 -224 978.261288008 -246.952926775 897.324418499 -13.7321316924 
882.450144689 -216.773013255 939 -228 987.459509555 -253.451626722 908.685202442 -13.8013758259 
886.160283306 -219.049341751 935 -225 936.251860089 -249.782663448 912.832219979 -13.8845753841 
886.555117889 -219.049341751 889 -204 892.865105577 -219.049341751 913.215522851 -13.8786308815 
893.296892857 -219.049341751 957 -229 1004.17363411 -219.049341751 919.761900119 -13.777893569 
897.581164251 -220.272828304 900 -201 967.606636887 -240.270446633 924.214296204 -13.7883051918 
899.337524262 -221.573729059 908 -204 916.724312873 -234.45177586 926.230478852 -13.8405643912 
915.547806165 -224.165606456 957 -224 1177.52320777 -266.053102679 942.591112037 -13.7578222837 
915.547806165 -224.344770164 964 -221 915.547806165 -227.271190262 942.633736546 -13.7683998897 
922.259070937 -223.51008971 922 -200 1019.62657554 -211.40048658 948.956560717 -13.6230125645 
926.960874429 -213.441468699 931 -202 1002.71226815 -51.2245500673 951.216969615 -12.9668803303 
934.740968409 -215.114760713 981 -225 1008.42416958 -230.962064408 959.174143886 -12.9600027939 
939.638051974 -212.951846157 976 -222 1019.21905618 -177.802984573 963.466739176 -12.7693414794 
951.471642867 -222.99647069 986 -228 1145.7065475 -387.867531881 977.254170173 -13.1903426752 
955.589825824 -222.99647069 985 -228 1022.67690878 -222.99647069 981.264154628 -13.1354729408 
972.889456811 -224.835072993 974 -226 1128.9246072 -241.418466423 998.531274033 -13.0126268007 
970.495188725 -222.920123722 929 -209 934.454081355 -194.094240492 995.768192352 -12.9362913198 
977.261590088 -222.766712286 975 -233 1084.22345455 -220.341616232 1002.32989757 -12.8411558487 
977.974113017 -224.186556854 969 -231 989.293535573 -246.742772187 1003.34090817 -12.9111652658 
977.388022905 -228.049356866 973 -232 967.846382411 -290.936357086 1003.64030234 -13.1335859733 
977.234309785 -228.59760344 976 -233 974.740698814 -237.491533064 1003.6153449 -13.1660603044 
975.866589528 -229.049546164 969 -229 962.415737788 -233.494179147 1002.38679917 -13.2090209476 
970.768907585 -229.630558357 960 -227 904.604467777 -237.171700919 997.558251565 -13.308412992 
970.271395307 -229.85016278 967 -230 963.131459166 -233.001766528 997.124705281 -13.3272734512 
968.673741447 -230.630550643 956 -235 946.576622649 -241.424079662 995.750605452 -13.3921588518 
967.14521667 -231.211047163 960 -245 945.303314313 -239.506070249 994.398520945 -13.4450953256 
966.273228406 -231.833022182 952 -247 954.031349088 -240.564955213 993.695376918 -13.4916654598 
964.645675711 -231.641060943 962 -254 940.889812978 -228.839182471 992.067971856 -13.50281488 
965.253227696 -235.822787532 983 -259 973.040927395 -289.424835955 993.642883886 -13.7290985412 
965.833932293 -239.728988243 987 -249 975.098336674 -302.047459856 995.140780278 -13.9396399119 
964.954493419 -241.044688558 971 -229 951.30768815 -261.461236564 994.605306768 -14.0254051189 
964.085123981 -239.218134381 986 -230 949.822193371 -209.251569738 993.320412605 -13.9353413998 
971.45731511 -241.973996728 1027 -234 1086.05186366 -284.811573227 1001.13971561 -13.9868106312 
976.220556755 -243.531982013 1093 -259 1021.45246937 -258.326665866 1006.13836111 -14.0073411509 
983.256406332 -243.876568742 1070 -237 1074.14381384 -248.327856986 1013.0493282 -13.929932789 
996.761946025 -243.649201478 1047 -228 1216.40045053 -239.951562808 1026.10881997 -13.7360666021 
1018.29714551 -245.142549193 1127 -254 1373.48655141 -269.772982171 1047.38910915 -13.5356936309 
1029.09549252 -243.508330562 1173 -260 1207.31145482 -216.537179739 1057.51304473 -13.3126788743 
1072.80966915 -245.146558785 1136 -252 1754.24736136 -270.684051331 1100.46236715 -12.8715968405 
1082.94080408 -246.141237071 1143 -254 1191.78732487 -256.827825642 1110.56125168 -12.8051880772 
1106.58167838 -249.968265312 1132 -253 1464.19696997 -307.859686862 1134.46337296 -12.7290349703 
1110.6972715 -249.968265312 1076 -232 1167.59074455 -249.968265312 1138.47817835 -12.6833971602 
1106.04363813 -249.968265312 1073 -233 1029.77254619 -249.968265312 1133.93856231 -12.7350251834 
1119.54999438 -249.968265312 1152 -263 1343.738068 -249.968265312 1147.11652572 -12.5863121145 
1139.59997345 -254.623802149 1148 -263 1331.92298021 -299.280549138 1167.6991822 -12.5948775958 
1139.59997345 -254.623802149 1084 -236 1139.59997345 -254.623802149 1167.6991822 -12.5948775958 
1132.86420526 -251.33182153 1088 -238 1037.98107225 -204.959466397 1160.40897621 -12.5087672427 
1132.86420526 -249.144262767 1165 -270 1132.86420526 -221.776238668 1159.93714106 -12.4032763601 
1132.9090339 -254.084534226 1136 -265 1133.55330802 -325.085768941 1161.05203571 -12.6409050391 
1104.10032638 -248.533481505 1080 -239 698.262291617 -170.333918892 1131.72718539 -12.6858614683 
1113.25959322 -252.234800274 1147 -263 1246.39682953 -306.036415657 1141.47681377 -12.76614949 
1115.64418364 -254.940936799 1089 -236 1151.62021732 -295.768098596 1144.40238804 -12.8719048276 
1145.59936914 -263.232498357 1166 -262 1586.82150352 -385.36228748 1175.45279053 -12.940634232 
1150.92907251 -262.00865778 1189 -257 1238.39540825 -241.924078345 1180.375477 -12.8248024715 
1151.77537616 -252.675936907 1194 -244 1163.67168549 -121.487875828 1179.16565682 -12.373504825 
1147.51891215 -250.57656218 1133 -214 1076.30831338 -215.454044772 1174.55875428 -12.3179670981 
1149.26800348 -252.480252854 1157 -209 1166.33039921 -271.050765976 1176.67464573 -12.3903599153 
1147.48073909 -244.270099876 1192 -207 1120.67256937 -121.121462728 1173.19219579 -12.0174619224 
1168.36511114 -235.21798379 1264 -222 1504.90808503 -89.3468960827 1191.8072549 -11.3827637189 
1169.71515548 -221.483361391 1179 -189 1192.38807305 9.17866342214 1190.49923324 -10.7219139654 
1172.73747382 -219.359146995 1261 -207 1213.50099029 -190.708806791 1193.07653479 -10.5946798311 
1179.53696528 -214.951343526 1280 -202 1289.10012612 -143.92649071 1198.96269023 -10.3278884104 
1213.23674517 -209.313088919 1329 -204 1542.37744278 -154.245101508 1231.16017196 -9.78856803831 
1230.07588212 -209.313088919 1243 -177 1448.23521114 -209.313088919 1247.75744637 -9.65710777396 
1236.06980252 -207.213900436 1297 -189 1328.71984501 -174.766038413 1253.31805909 -9.5165363514 
1243.04222508 -201.004573833 1219 -159 1356.5153654 -99.9504878383 1259.18895009 -9.18543190041 
1267.41780543 -196.654821888 1303 -161 1588.86216867 -139.294003222 1282.58372534 -8.81978545225 
1256.98068228 -186.132077543 1233 -131 1082.00379579 -9.71976384674 1270.68705271 -8.42307589691 
1269.88885055 -175.06082597 1343 -144 1477.30095561 2.83518122701 1281.89858629 -7.84905135287 
1275.25701053 -165.907726684 1264 -115 1327.20146515 -77.3386914672 1286.00381674 -7.41240457562 
1295.00172817 -159.908237157 1406 -124 1618.03410193 -61.7539166824 1304.83720068 -7.03931266964 
1297.07554511 -148.648574999 1295 -101 1331.95232339 40.7127583742 1305.56553592 -6.53773828741 
1282.85773241 -138.82523866 1292 -88 1046.14846058 24.7213518198 1290.34739837 -6.17626356573 
1299.13954786 -133.635039092 1376 -95 1476.18998704 -77.1961784815 1305.99459742 -5.87303226817 
1300.69083717 -118.487541965 1306 -71 1326.34841693 132.044781808 1306.07654887 -5.20504172698 
1308.06020917 -109.448552268 1396 -79 1434.29089385 45.3811752771 1312.63113493 -4.78293491981 
1324.22525759 -100.551544324 1330 -57 1476.78961769 -16.5823356968 1328.03732851 -4.34227090432 
1330.22298747 -91.3090617619 1398 -65 1422.17669932 50.391314241 1333.35311945 -3.92673291084 
1349.27703401 -83.4002839981 1426 -54 1661.08269548 46.0211318566 1351.85210799 -3.53701463756 
1380.81547278 -76.1554517155 1381 -5 1850.89766293 31.8291778459 1382.9139607 -3.15680837167 
1373.28091512 -72.6882652208 1363 28 1257.47154882 -19.3961292935 1375.20327797 -3.02985933888 
1373.67668023 -59.4875065799 1376 32 1380.41751393 165.353229125 1374.96413962 -2.47966269373 
1380.87494583 -55.012804678 1379 19 1455.36930938 -8.70441749729 1381.97034147 -2.28140538946 
1388.16465073 -41.9074053925 1486 -32 1509.21566625 175.71757581 1388.79707955 -1.72918134248 
1388.16465073 -35.6517009724 1483 -30 1388.16465073 72.9031428777 1388.62238975 -1.47118215196 
1386.81181575 -22.2929993306 1510 -22 1373.83500967 105.847744958 1386.99098416 -0.920950309791 
1398.28414239 -18.1976483772 1429 -2 1575.59614811 45.0985699576 1398.40255194 -0.745620692219 
1430.81950202 -10.442949829 1538 -1 1995.29344726 124.097603378 1430.85761086 -0.418170374417 
1444.91023617 -1.03065333145 1610 5 1688.0148798 161.357832672 1444.91060376 -0.0408690273897 
1489.28181179 7.54768603489 1553 17 1943.84967822 95.4291139265 1489.30093752 0.290372748174 
1499.95431341 7.54768603489 1637 28 1668.11974588 7.54768603489 1499.97330306 0.28830671783 
1522.34558435 7.54768603489 1570 29 1861.60699342 7.54768603489 1522.36429469 0.284066256715 
1531.20928678 4.74714298619 1585 36 1648.7938983 -32.4044614161 1531.21664545 0.17763109771 
1534.57992751 15.1465821215 1502 62 1584.099279 167.92865639 1534.65467544 0.565501368852 
1535.09407588 15.1465821215 1487 71 1542.77628397 15.1465821215 1535.16879878 0.565311978025 
1557.4984594 22.4274496186 1587 82 1782.08791611 95.4134380043 1557.65992487 0.824982777211 
1566.30876181 40.4703213877 1556 105 1693.71437009 301.387931904 1566.83151112 1.48008034303 
1581.26992832 52.6577880491 1627 107 1809.08861366 238.240418369 1582.14646251 1.9072989617 
1573.74685733 63.1090957694 1631 123 1469.41477242 208.050799367 1575.01172343 2.29639757364 
1601.01923514 81.8229862197 1634 136 1997.11551037 353.618220028 1603.10872756 2.92565911983 
1606.71758648 90.3755244049 1657 146 1694.06771659 221.477535986 1609.25732502 3.21941172118 
1620.3464615 103.84581072 1701 166 1814.20602019 295.449575271 1623.67072022 3.666993868 
1617.31792327 118.76333371 1557 167 1573.78750954 333.178968365 1621.6725916 4.19982133642 
1610.00383312 127.901768414 1559 171 1498.60084756 267.091864294 1615.07622266 4.5421466023 
1627.20953939 141.823798623 1679 186 1780.76347535 266.072260216 1633.37836246 4.98117921416 
1644.35158739 148.75213434 1699 209 1900.85876003 252.425149717 1651.06612236 5.16904911863 
1650.67812363 160.171096015 1682 216 1745.24338017 330.854863408 1658.43089932 5.54225979895 
1643.90434333 166.374962457 1587 227 1544.30695319 257.592698981 1652.30206626 5.77906779376 
1666.70074356 186.680214649 1684 245 2006.77239975 489.589475439 1677.12279549 6.39082570306 
1665.13067996 202.262086278 1626 306 1641.77065674 434.095295715 1677.37000477 6.92574274409 
1673.54768651 211.042317701 1728 334 1783.92872916 326.186709393 1686.80192047 7.18733172712 
1648.41372463 231.778002911 1613 289 1289.12304991 528.195191883 1664.62874245 8.00370029475 
1660.07981578 252.44593418 1727 331 1835.09280925 562.503216666 1679.16465674 8.64664159706 
1670.67830316 257.697292992 1604 264 1843.84365712 343.497593991 1690.43600514 8.76860259984 
1676.15081989 264.980955812 1702 260 1767.33343146 386.340730584 1696.96684646 8.98348430198 
1673.51645866 272.884549756 1720 274 1648.98501685 346.48362675 1695.61885898 9.26117552481 
1650.54323796 278.221820117 1624 276 1367.06860771 344.080271641 1673.82805615 9.56804883857 
1650.7788897 278.478078957 1615 280 1654.2221579 282.222451466 1674.10303839 9.57535665455 
1633.96381649 285.90869031 1622 290 1389.25378407 394.046497469 1658.78917671 9.92505544133 
1655.41778068 285.910635783 1711 306 1941.23046148 285.936553638 1679.92646274 9.79900298938 
1663.27230015 285.910635783 1703 315 1778.55466874 285.910635783 1687.66692096 9.75361973861 
1710.07014805 290.19668967 1714 325 2383.25515975 351.851388896 1734.51838559 9.63126643777 
1705.43133484 290.19668967 1697 337 1648.13166853 290.19668967 1729.94513108 9.65697103188 
1702.13751971 295.284090702 1686 351 1649.09573998 377.208787375 1727.56036949 9.84163294673 
1702.29760811 314.671503161 1703 370 1704.92416073 632.758628832 1731.13699674 10.4729662295 
1701.77248533 320.843172437 1698 384 1693.30918877 420.310705653 1731.75342735 10.6769152939 
1701.77248533 333.775396012 1746 409 1701.77248533 547.560974869 1734.19595399 11.0967873741 
1703.23217632 345.800934037 1716 426 1727.01002245 541.692663689 1737.98105066 11.4765604728 
1705.91782275 357.699102394 1743 446 1732.77467852 476.682520456 1743.01585358 11.8422902423 
1704.99649424 374.566971501 1756 467 1692.12415353 610.236394737 1745.65559648 12.3903568338 
1710.11687229 383.746784481 1601 446 1795.60732151 537.014048685 1752.64409151 12.6475485403 
1709.16312545 412.837088966 1707 476 1693.48022676 891.182368341 1758.31540158 13.579318601 
1714.64312168 430.275877025 1737 505 1771.06408025 609.822193761 1767.80608809 14.0870269059 
1716.29690093 446.832686499 1693 495 1743.86767759 722.857492122 1773.50909269 14.5928353998 
1715.82011884 459.524713353 1699 505 1707.7981227 673.071723684 1776.2887272 14.9928993077 
1711.88755464 465.919739891 1674 506 1649.07134616 568.069711176 1774.15901309 15.2252492931 
1700.22237126 493.632075929 1682 517 1590.3939078 754.545529936 1770.43179426 16.1898007865 
1697.90574977 493.632075929 1615 518 1664.92079136 493.632075929 1768.20716023 16.2107307635 
1690.34724897 503.639515906 1624 537 1577.63244044 652.873697622 1763.78189811 16.5914426286 
1692.38047118 511.905736783 1703 569 1725.75965396 647.611365262 1768.10608918 16.829345282 
1690.47537287 511.905736783 1680 577 1658.44687369 511.905736783 1766.28266979 16.8472373896 
1688.05920448 514.595393086 1610 571 1649.90887426 557.063987903 1764.75275787 16.9535489941 
1687.36755005 537.426895228 1698 613 1680.24758615 772.456794056 1770.88591295 17.6666873906 
1690.55219775 548.45510084 1700 649 1737.08317093 709.588509665 1777.29280957 17.9742884767 
1689.17214369 557.604767807 1708 718 1669.00853815 691.288136883 1778.82703153 18.2683332898 
1687.02665049 586.671762882 1659 707 1655.38019409 1015.41578872 1786.12504513 19.1753687875 
1691.36818867 596.366422031 1736 704 1755.15263664 738.797159067 1793.42668068 19.4223489747 
1692.6991229 601.254127811 1702 630 1711.19638902 669.183250126 1796.31201268 19.5552607285 
1692.6991229 626.567493096 1629 613 1692.6991229 931.674331224 1804.94242126 20.3124767665 
1689.82170779 627.318469116 1683 630 1648.86208207 638.008513998 1802.50544127 20.3666140781 
1684.55213637 628.444489131 1643 634 1599.28606233 646.664435006 1797.95950346 20.4586964947 
1677.72455405 628.444489131 1469 573 1565.87268034 628.444489131 1791.5641644 20.5350175481 
1660.1334361 622.286186477 1116 439 1497.29565532 565.279898362 1772.93065954 20.5480612305 
1654.75752681 641.445129937 1786 698 1565.00120751 961.323340663 1774.73218465 21.1881705131 
1616.58509744 609.835718155 1419 579 1028.24153844 122.646557488 1727.78672885 20.6683314699 
1591.00583939 614.488161989 1460 641 1180.32147129 689.184853863 1705.54838167 21.1178678131 
1576.8178972 614.488161989 1618 729 1339.39153783 614.488161989 1692.32100446 21.2909328884 
1566.1312957 624.793669087 1594 776 1457.14295739 729.895379325 1686.15964971 21.7490733195 
1560.64090731 642.53998586 1580 799 1469.4668289 937.237548675 1687.73744255 22.3777223746 
1543.89993022 660.714260845 1553 750 1517.57845479 689.289279501 1679.33627634 23.1685751573 
1532.67413621 680.983113059 1548 780 1430.73685629 865.037057029 1677.14877339 23.956077011 
1539.24130978 732.496377467 1530 749 1646.63591738 1574.9054835 1704.64505184 25.448909972 
1571.13541311 733.206770976 1460 694 2095.16809255 744.878816132 1733.79890857 25.0172002713 
1540.91955928 727.227989904 1491 661 1093.41984369 638.681664393 1703.90540743 25.264694046 
1561.33452134 723.965366214 1635 694 1864.34237686 675.540068874 1721.01462487 24.8763861439 
1557.73207971 732.580926225 1537 698 1505.91314427 856.510525667 1721.39595841 25.186985061 
1557.73207971 751.991184304 1676 788 1557.73207971 1036.84386231 1729.74563836 25.7688084114 
1563.59758068 745.647878422 1693 805 1650.56536093 651.595684856 1732.28985822 25.4955246964 
1560.12259408 745.647878422 1664 796 1509.06054886 745.647878422 1729.15391656 25.5450874459 
1560.66654031 773.261659594 1555 778 1567.74866413 1132.79024461 1741.72720144 26.3569824638 
1572.2153156 776.629941704 1615 825 1745.58617256 827.194780041 1753.57208719 26.2880705534 
1612.3506169 791.612202933 1717 861 1974.7744442 926.902789522 1796.19720289 26.1495508089 
1658.14773575 800.287042795 1774 816 2335.0485278 928.504846046 1841.17170966 25.7637767948 
1668.80237687 791.171366995 1740 744 1700.48218453 764.067417389 1846.84961624 25.3654102713 
1688.15498638 798.376849288 1822 789 1963.60879214 900.935500039 1867.42412203 25.3108082318 
1688.15498638 790.854724084 1509 616 1688.15498638 687.415230845 1864.22060193 25.1018130847 
1671.95019215 791.245917596 1588 690 1402.56337525 797.749077935 1849.72634386 25.3257269722 
1659.49162957 783.328545438 1616 696 1465.30319203 659.922484903 1835.07931128 25.268679809 
1652.33483255 741.213194244 1623 648 1576.81731335 296.817910277 1810.96863534 24.1603053679 
1666.47089046 727.104491414 1764 694 1898.81380385 495.211191259 1818.18760588 23.5723145491 
1690.28963638 707.986950143 1703 636 2037.7837252 429.079210512 1832.57321175 22.726636218 
1699.54778266 708.796403369 1838 712 1752.20390079 713.400204539 1841.42743733 22.6385767795 
1684.07468674 697.08249399 1803 694 1495.54906467 554.359146064 1822.64411061 22.4859410004 
1719.09687043 688.667459291 1801 692 2240.19180771 563.46019015 1851.90629336 21.8309602075 
1647.14932109 679.295695777 1575 580 622.190317786 545.786306252 1781.72487446 22.4115872879 
1662.73410406 675.041997033 1651 645 1886.29946434 614.022238586 1794.53793456 22.0963226815 
1698.98096496 674.666859837 1699 689 2162.81945398 669.866359441 1828.03492611 21.6580711925 
1713.97245791 674.575472707 1762 693 1913.77098167 673.357514379 1841.94290217 21.4833228133 
1758.93412249 683.106676125 1838 453 2030.8381024 734.698808763 1886.92447603 21.2243772508 
1778.81285983 666.87905391 1927 540 2017.62098127 471.932669173 1899.71125775 20.551081529 
1788.66802189 658.382173758 1889 593 1934.0183105 533.064703085 1905.9906556 20.2079129231 
1759.92546254 587.900526837 1668 446 1551.53558674 76.8930876799 1855.5227466 18.4718212677 
1733.77155387 587.900526837 1620 495 1400.89248544 587.900526837 1830.73505196 18.7311632273 
1690.74467719 585.882367787 1670 578 1169.49501998 561.433353719 1789.37858273 19.1123912368 
1727.50010786 569.585494795 1764 566 2254.78383515 335.794847311 1818.97890547 18.2482466855 
1761.7505672 541.259251763 1865 481 2261.80918119 127.694525875 1843.021063 17.0784281292 
1733.52289341 519.965396719 1593 334 1663.57774983 467.201511194 1809.82475278 16.6964705452 
1725.11435489 485.410766161 1631 376 1648.95691436 172.444105304 1792.10578632 15.7154812377 
1680.01845934 491.297607156 1697 374 1020.44495065 577.398666314 1750.38149057 16.3008115037 
1690.64581463 435.914680547 1749 316 1865.33076506 -474.430699427 1745.93954055 14.4581871816 
1704.80524269 435.914680547 1781 296 1814.87300073 435.914680547 1759.65409221 14.3430770298 
1729.36884543 407.585497592 1794 372 1816.22567797 307.413583634 1776.75055688 13.2617140362 
1745.0262547 380.458521122 1776 387 1979.55930452 -25.8777005742 1786.01940523 12.299412844 
1768.72038509 363.658544524 1812 382 2047.97178144 165.659426313 1805.71851007 11.6184127529 
1769.34355379 373.02709658 1858 386 1778.26767024 507.189883577 1808.23832116 11.9052066221 
1769.34355379 373.02709658 1870 396 1769.34355379 373.02709658 1808.23832116 11.9052066221 
1775.65990515 382.057154815 1740 379 1854.63952429 494.968948222 1816.2972687 12.1428324392 
1776.80018482 383.021517935 1784 407 1793.19904111 396.890442058 1817.61502524 12.1649905386 
1791.9039229 389.114699651 1807 406 2016.37529412 479.671411351 1833.66570519 12.2516556122 
1791.9039229 390.744430614 1891 403 1791.9039229 398.028187257 1834.01223522 12.301409948 
1812.44121922 392.956615242 1843 404 1955.44145376 408.359953419 1854.55063954 12.2330038721 
1826.20417416 397.65626129 1843 406 2032.59913507 468.134095983 1868.99764255 12.2844056447 
1841.61679009 404.066391386 1849 408 2005.69267801 472.3057994 1885.42357315 12.3750890495 
1847.6969048 403.780060549 1851 402 1938.88054406 399.485949497 1891.30171821 12.3271418065 
1845.79744501 403.780060549 1893 415 1817.10159158 403.780060549 1889.44609484 12.3394388946 
1837.8342289 405.000401097 1818 405 1796.15512016 411.387607679 1881.92985464 12.4275447116 
1845.61741698 405.446913371 1860 405 1892.53240458 408.1383706 1889.62717207 12.3899788638 
1851.12931643 405.226042848 1860 411 1929.09716836 402.101747794 1894.96382339 12.3476975659 
1852.70442575 406.658167208 1862 412 1870.15776367 422.52712945 1896.80904525 12.3797818769 
1854.74982427 406.658167208 1867 403 1885.08537304 406.658167208 1898.80693479 12.366549872 
1859.22909464 408.179950731 1877 416 1914.58926134 426.987966927 1903.50826069 12.3824177677 
1860.27195404 407.86816175 1855 405 1871.24066031 404.588791825 1904.46007581 12.3665279753 
1861.74378749 406.894343504 1815 400 1878.48031757 395.820849869 1905.68962243 12.3284516999 
1863.89583384 406.746553188 1866 406 1896.19916997 404.5281436 1907.76058192 12.3103154431 
1863.15316008 406.746553188 1873 418 1852.27443182 406.746553188 1907.03499089 12.3150727598 
1863.13219497 406.620822942 1863 405 1862.8230672 404.766947108 1906.98769519 12.3115164465 
1862.24020276 407.643755505 1848 416 1851.64573056 419.793447444 1906.33470413 12.3472705683 
1864.40256974 409.38466717 1880 423 1895.55100875 434.462131488 1908.81972637 12.3844383236 
1865.04347909 409.442688135 1867 412 1874.36828597 410.286854778 1909.45816759 12.3820142641 
1865.84285019 410.711340921 1873 412 1877.66688139 429.476830628 1910.511279 12.4140353948 
1866.05169827 410.94391598 1881 418 1868.94170147 414.162248904 1910.76525055 12.4195000131 
1869.73093115 412.617382012 1872 409 1922.47435342 436.607253935 1914.71848031 12.4447264698 
1868.72938377 413.485372152 1852 411 1854.21722131 426.062324694 1913.92781022 12.4765614732 
1869.32973881 413.485372152 1850 408 1877.00959594 413.485372152 1914.51399195 12.4726799083 
1872.26377748 412.563528924 1890 416 1914.68679284 399.234676141 1917.18030395 12.4268427145 
1865.67916952 412.930628474 1825 411 1771.695702 418.170316058 1910.82978507 12.4800794603 
1866.74168287 412.78450866 1863 414 1882.37736344 410.634246058 1911.83565224 12.4689227107 
1866.02962827 411.583241126 1872 407 1860.43704842 402.148312124 1910.88129876 12.4383632475 
1867.03936655 411.407263708 1876 411 1877.77065577 409.537012152 1911.82947275 12.4266952737 
1865.84332881 410.845150113 1751 393 1849.75028738 403.281745481 1910.54051646 12.417951332 
1865.76465098 410.43065769 1879 413 1865.66232639 409.891588786 1910.37458569 12.4063181794 
1857.93000124 410.066891802 1834 406 1838.87142693 409.181994652 1902.6451969 12.4463076877 
1855.49532202 409.155162963 1831 359 1852.09968879 407.883579954 1900.07127167 12.4352841389 
1856.40807465 409.32358416 1801 343 1868.29402285 411.516780369 1900.99887853 12.4343172782 
1834.02484059 402.124283514 1803 318 1555.13677907 312.423260148 1877.5918234 12.366851425 
1833.47929042 393.288646855 1823 305 1825.94359465 271.241814866 1875.18592896 12.1067144646 
1813.32038858 381.224355155 1793 286 1496.58481022 191.670854746 1852.960561 11.8727028573 
1811.09331431 342.402360037 1799 271 1790.88788758 -9.81534075561 1843.17616339 10.7058867799 
1809.29997425 321.694663112 1796 258 1781.9433779 5.80805739163 1837.67621008 10.0818668312 
1809.29997425 312.563424553 1780 237 1809.29997425 173.391964967 1836.09974979 9.80132387482 
1798.87101607 296.842226462 1757 213 1625.52072851 35.5242535522 1823.19835451 9.37026906137 
1795.27593839 278.33109701 1756 206 1740.44319154 -4.00385199956 1816.72339516 8.81270661009 
1793.25160681 271.207906159 1781 188 1768.81242077 185.211625345 1813.64413646 8.60012803724 
1791.86811545 246.769774068 1744 161 1771.84905046 -106.849024116 1808.78043569 7.84124953815 
1780.91078056 229.496491425 1730 146 1613.84142303 -33.8737772497 1795.63689199 7.34293468089 
1763.96932447 210.419412736 1733 131 1475.351871 -114.580861243 1776.47519176 6.80252379404 
1759.74576945 192.710324895 1739 128 1716.05727358 9.5273410758 1770.26620665 6.2495759277 
1750.05215534 167.956000733 1755 101 1587.50110865 -247.146277528 1758.0932184 5.48200065538 
1748.11073779 151.551370034 1738 32 1715.14945984 -126.965528117 1754.66776609 4.95483328036 
1748.24753215 143.271246092 1749 38 1750.35030698 15.9908802467 1754.10834433 4.68499703728 
1747.81953223 133.594373417 1754 51 1745.0883758 71.8442391261 1752.91773162 4.3708971438 
1746.52279274 109.536974591 1746 48 1738.26788995 -43.6098151357 1749.95434637 3.58872896689 
1744.336513 74.2745602263 1750 -41 1706.72998585 -532.279541334 1745.91711742 2.43820481148 
1742.60423629 51.1715993057 1725 40 1721.30559982 -232.8832303 1743.35540178 1.68200806085 
1744.16497066 49.1385426536 1743 37 1767.50969568 18.7290446982 1744.85702602 1.61377313257 
1743.19307899 37.8944947605 1738 19 1726.67831859 -153.168731799 1743.60491608 1.24533118545 
1743.89120138 33.3996761777 1716 3 1755.60689799 -42.0311246252 1744.21101379 1.09721669925 
1743.89120138 27.5132343049 1753 1 1743.89120138 -32.3136430786 1744.10822495 0.903876016343 
1747.42040931 18.8626314797 1748 -8 1807.93928407 -129.477947804 1747.52221324 0.618458611493 
1744.70193914 15.517884617 1721 -22 1699.15760015 -40.5188842783 1744.77094806 0.50959182847 
1740.15574348 -0.766638279408 1716 -35 1699.7066087 -145.655884418 1740.15591236 -0.0252420710881 
1739.50976906 -0.766638279408 1743 -46 1729.64239016 -0.766638279408 1739.509938 -0.0252514448384 
1732.22219272 -6.81098435233 1722 -59 1623.00999249 -97.3920366284 1732.23558284 -0.225282096213 
1733.52840562 -18.5850026588 1717 -68 1753.70506206 -200.454529555 1733.62802683 -0.614239384272 
1724.80871313 -29.6915950961 1700 -84 1574.4950131 -221.15167307 1725.06425611 -0.986216651198 
1718.35570012 -40.7631841598 1694 -112 1654.01768911 -151.14945141 1718.8391284 -1.35892728917 
1714.97649878 -53.2123825434 1690 -138 1671.22623578 -214.391208082 1715.8018385 -1.77720632874 
1711.91494592 -67.4194395872 1697 -161 1669.49353132 -264.274919411 1713.2420036 -2.25528385335 
1710.3165218 -84.6079296275 1701 -184 1686.03496472 -345.717167139 1712.40798483 -2.83206564769 
1706.70089799 -103.619102766 1689 -204 1651.90660377 -391.730883243 1709.84352315 -3.47433969655 
1705.19750144 -124.418316753 1725 -223 1682.16657857 -443.046886285 1709.73051574 -4.17314374031 
1701.87051404 -159.632775087 1729 -248 1650.70302883 -701.214409914 1709.34077042 -5.35857544932 
1703.70744678 -179.018816047 1713 -323 1729.43483464 -450.532401345 1713.08692153 -5.99840165168 
1701.01422354 -190.571607369 1732 -352 1659.12703446 -370.249974953 1711.65619393 -6.39242521303 
1705.02324156 -202.092841771 1736 -357 1759.32812048 -358.15580712 1716.95829039 -6.7596117798 
1715.47717181 -237.005137285 1735 -355 1867.65713812 -745.230448191 1731.77174076 -7.86601668076 
1726.75049227 -273.150554157 1732 -361 1899.40888119 -826.741616226 1748.22152137 -8.98899877059 
1728.09957688 -324.946042908 1740 -331 1740.55928794 -803.312498777 1758.38507683 -10.6493555054 
1726.86652555 -344.976628567 1720 -347 1708.36497201 -645.529366478 1760.98747052 -11.2972767726 
1732.41196634 -348.20705171 1738 -369 1819.11199531 -398.713006194 1767.059527 -11.3647674866 
1734.64684232 -348.20705171 1753 -390 1769.24398287 -348.20705171 1769.25063754 -11.3505057279 
1735.68517035 -356.689372165 1758 -412 1751.86314078 -488.850621121 1771.9566357 -11.612808279 
1734.72638035 -361.776792829 1730 -418 1718.15389046 -449.711823164 1772.04911403 -11.7801736454 
1737.95618067 -370.547218767 1766 -444 1773.49653462 -467.055984411 1777.0191128 -12.0357398322 
1738.27516303 -387.56778152 1761 -457 1743.81181822 -682.997868704 1780.95741883 -12.5691449807 
1747.23498265 -400.709537721 1765 -474 1903.22400714 -629.505408351 1792.59538609 -12.9168025099 
1754.0808645 -416.232831008 1764 -484 1824.60725014 -576.154049664 1802.78935232 -13.3490441674 
1758.31176676 -433.339683901 1760 -493 1832.56018544 -733.549118652 1810.92339727 -13.8447640013 
1761.17121216 -449.047087843 1791 -513 1789.85087244 -606.589179776 1817.51680202 -14.3039765149 
1761.17121216 -470.289073257 1792 -527 1761.17121216 -832.974967903 1822.88119496 -14.9509578427 
1762.44366727 -477.577946364 1803 -538 1783.99822947 -601.046717405 1826.00338859 -15.1616231329 
1771.38760312 -491.605688866 1799 -546 1906.25925262 -703.139492354 1838.33897686 -15.5107048643 
1779.67282999 -505.217006299 1811 -558 1865.98500224 -647.014255051 1849.9944879 -15.848287679 
1796.18914674 -516.623601343 1811 -556 2082.01021944 -714.01901834 1869.00920177 -16.0464020691 
1800.813732 -535.980111123 1819 -565 1875.90036922 -850.260234764 1878.88391788 -16.5746987927 
1800.813732 -538.977623801 1821 -571 1800.813732 -566.220940738 1879.74119929 -16.6622686445 
1805.70452944 -551.400677146 1827 -585 1879.26310916 -738.245904288 1888.01789038 -16.9808867729 
1813.13481371 -555.643377752 1846 -589 1928.42484182 -621.474112489 1896.36426245 -17.0379206012 
1813.13481371 -559.268177731 1866 -597 1813.13481371 -613.46109422 1897.42951049 -17.1425731003 
1818.10875548 -571.05982444 1849 -593 1896.63474457 -757.220170263 1905.68328162 -17.4372704519 
1826.5385518 -577.453914082 1866 -599 1970.5736899 -686.706089348 1915.64508824 -17.5441717074 
1832.23990036 -583.217585279 1866 -603 1930.05521359 -682.102138108 1922.8223538 -17.6567164826 
1853.15466166 -588.842024083 1873 -607 2043.5656079 -640.047710799 1944.45805544 -17.6277144178 
1858.64066312 -594.284336022 1872 -612 1944.1627353 -679.125325922 1951.33774284 -17.7312293373 
1862.61314769 -596.107992937 1890 -621 1926.46617105 -625.421135776 1955.67698692 -17.7466746839 
1861.80562813 -601.851366214 1856 -626 1847.80388139 -701.436889328 1956.66687608 -17.9140587781 
1866.55282606 -606.594926722 1848 -634 1914.80015766 -654.805289981 1962.64537235 -18.0031970475 
1861.9843541 -609.283448008 1807 -652 1790.34929282 -651.440298012 1959.13553766 -18.1192683929 
1862.39423678 -616.460437261 1869 -771 1868.68091342 -726.539279571 1961.76852964 -18.3147638654 
1861.73915892 -619.331062936 1844 -747 1850.49451876 -668.606354691 1962.05088144 -18.400356741 
1858.38039487 -622.27888961 1840 -757 1822.87282905 -653.442183089 1959.79812953 -18.513127888 
1857.30297968 -643.444584756 1785 -714 1849.21810356 -802.27102809 1965.6030352 -19.108146669 
1847.79624074 -688.923345049 1784 -833 1805.64336325 -890.57615404 1972.04622731 -20.4472221492 
1838.7994728 -735.321367817 1769 -774 1699.181382 -1455.35809633 1980.37395841 -21.7960793941 
1818.79926196 -757.527975381 1733 -793 1606.48248721 -993.267255032 1970.24856016 -22.6116763197 
1798.04812916 -757.527975381 1751 -823 1449.99338067 -757.527975381 1951.1088407 -22.8459706681 
1779.28382461 -766.883638526 1711 -830 1465.85014217 -923.158012682 1937.51424344 -23.3163765102 
1755.68837729 -772.21316214 1619 -832 1702.76464128 -784.167091093 1918.00804115 -23.7415726344 
1755.68837729 -795.742101127 1612 -835 1755.68837729 -1156.60792312 1927.60140321 -24.3817698627 
1721.86106341 -812.861578088 1420 -803 1298.31633664 -1027.21097097 1904.08756806 -25.2712060691 
1721.86106341 -817.815842946 1340 -834 1721.86106341 -900.938889493 1906.20782568 -25.4058674899 
1671.58516321 -817.815842946 1012 -651 841.224710795 -817.815842946 1860.91905005 -26.0699927556 
1594.81377579 -816.013776129 946 -675 346.900851428 -786.721320344 1791.45456606 -27.0973332305 
1493.08306137 -822.040660225 964 -693 516.740619917 -879.882608606 1704.42009939 -28.8356824164 
1493.08306137 -815.436320308 1019 -747 1493.08306137 -728.858001774 1701.24466806 -28.6408355473 
1396.88508666 -814.073345753 1430 -910 1042.83279951 -809.056979664 1616.78797546 -30.2326745004 
1385.57439184 -810.533858454 1353 -909 1221.14408496 -759.078223591 1605.23566214 -30.3267973354 
1385.73547433 -805.965973478 1387 -1003 1387.34975921 -760.189009272 1603.07328442 -30.1829692332 
1374.21051289 -841.340310522 1478 -1106 1202.50005624 -1368.38273064 1611.30631844 -31.4764431464 
1319.98114839 -852.886081061 1197 -858 588.633185213 -1008.59463203 1571.5485673 -32.8679190583 
1346.03551991 -876.060566786 1600 -1203 1730.22886369 -1217.78760297 1606.01797547 -33.0578918751 
1393.49739721 -941.10436832 1457 -1023 1639.77479858 -1278.61353001 1681.52086758 -34.0332909584 
1393.49739721 -947.823961347 1523 -979 1393.49739721 -997.268488008 1685.29085256 -34.2226104941 
1441.07985229 -962.084868838 1574 -1109 1876.12269295 -1092.47128322 1732.719953 -33.7276223834 
1440.02862162 -1046.32288848 1433 -1128 1422.46925923 -2453.40314585 1780.02079147 -36.0021054896 
1443.7688788 -1059.28430552 1454 -1235 1505.97470289 -1274.85120098 1790.68473364 -36.2672667772 
1461.26237341 -1059.28430552 1089 -938 1751.73525298 -1059.28430552 1804.81881746 -35.9387471027 
1469.90502652 -1100.66039632 1477 -1491 1611.73102388 -1779.64233308 1836.32080394 -36.8257570569 
1457.9102529 -1097.96728142 1380 -1084 1442.64520836 -1094.53991212 1825.11217644 -36.9837813371 
1457.9102529 -1097.96728142 1159 -963 1457.9102529 -1097.96728142 1825.11217644 -36.9837813371 
1422.86568171 -1062.59556306 958 -833 901.767740545 -536.633081917 1775.85361977 -36.7523618896 
1367.59388142 -1031.71316274 784 -671 590.55700142 -597.553901405 1713.10976726 -37.0309111354 
1260.74379499 -1027.23959305 329 -960 -194.441546388 -966.314298012 1626.25216315 -39.1727531264 
1028.815838 -970.957251655 674 -572 -2258.66968039 -173.177696816 1414.64483637 -43.3427478426 
884.056553043 -940.660550411 679 -588 -1205.55825153 -503.32462776 1290.89049113 -46.7767852691 
864.950782867 -865.018174051 750 -732 675.368997284 -114.437765944 1223.27278161 -45.0022319652 
831.536034366 -793.757606172 -200 -170 767.153822625 -656.45557112 1149.5665765 -43.6684530476 
1199.0 -630.0 1199 -630 1269.71971096 -598.484282382 1354.43752163 -27.7191363368 
1312.70795707 -702.546705641 1420 -771 3803.7392764 -2291.84723064 1488.88349247 -28.1551944899 
1330.43219039 -703.362639113 1366 -705 1563.91781654 -714.111128718 1504.91488641 -27.8641676729 
1400.78427194 -749.021318534 1433 -795 1455.73732196 -784.685987428 1588.46766165 -28.1341146142 
1373.69934057 -736.388276395 1324 -731 1101.4458504 -609.402914421 1558.62682252 -28.1940762772 
1359.21938638 -725.577036293 1240 -677 1255.37459462 -648.042883721 1540.75935042 -28.0941437211 
1300.49136776 -699.5453906 1246 -680 487.133311661 -339.018179983 1476.69954667 -28.2761865962 
1289.46258813 -697.164977197 1247 -688 1010.76603107 -637.012082543 1465.86246681 -28.3984581706 
1288.57364949 -699.416380015 1284 -711 1281.10950483 -718.320717875 1466.15323988 -28.4923748514 
1292.23735672 -702.72615506 1318 -726 1317.10423708 -725.190772198 1470.95256045 -28.537603586 
1327.62708109 -714.018022407 1336 -729 1914.23166734 -901.187074715 1507.45328378 -28.2720393077 
1327.62708109 -714.018022407 1381 -756 1327.62708109 -714.018022407 1507.45328378 -28.2720393077 
1330.11218692 -731.366463183 1408 -764 1366.11557447 -982.704909507 1517.9246797 -28.804336435 
1315.18899582 -728.858859895 1374 -749 1085.31858219 -690.232817952 1503.64800814 -28.9945908723 
1347.99075547 -733.36660996 1382 -749 1796.25894539 -794.969432 1534.57018785 -28.5481467557 
1349.74704662 -739.121197927 1362 -750 1375.01641842 -821.91773391 1538.86881672 -28.7051036642 
1360.82915842 -743.861217069 1403 -772 1426.37553656 -771.896585469 1550.86605117 -28.6620535044 
1372.5856366 -752.229513113 1421 -802 1544.72650459 -874.759893569 1565.19665544 -28.7244293415 
1384.87624319 -756.006791373 1419 -793 1571.14162285 -813.251823507 1577.7922796 -28.6302171641 
1388.84373408 -758.738538942 1420 -778 1448.04251856 -799.498843201 1582.58367493 -28.6481995017 
1392.0840497 -766.275061577 1398 -777 1447.28788493 -894.671490201 1589.04860575 -28.8306607651 
1409.03979145 -771.579737965 1488 -966 1435.51795027 -779.863543293 1606.46457351 -28.7047860047 
1409.24117127 -772.687723133 1492 -945 1412.19277627 -788.927357682 1607.1736049 -28.7359832869 
1432.91434887 -776.058848233 1692 -1089 1532.79816459 -790.282576198 1629.57382991 -28.4397414828 
1432.92516371 -783.843829472 1287 -792 1433.0859929 -899.615518492 1633.305138 -28.6796985012 
1424.60933989 -870.377953316 129 591 1409.23711589 -1030.34068984 1669.451872 -31.4232212747 
1426.976041 -879.796757452 151 571 1454.90733986 -990.955463858 1676.39582319 -31.6557531811 
1428.42564406 -861.250250994 155 560 1453.95900109 -534.571463603 1667.9783618 -31.0873174271 
1431.69771214 -837.319377141 159 513 1470.98576997 -549.978914494 1658.57230119 -30.3209613594 
307.403843706 302.661616985 152 519 -10612.1623718 11374.5871155 431.394456989 44.5546312294 
152.690774805 545.048853855 171 518 -2182.74308666 4203.94699734 566.032442356 74.3502386693 
153.602120235 541.430634854 159 520 166.810017402 488.992708541 562.797249193 74.1615321352 
153.525739959 539.473224876 153 526 152.437944091 511.596100252 560.893495405 74.1144663047 
151.955838647 540.695043285 140 550 128.875312338 558.658090848 561.641973798 74.3026205722 
154.874008098 531.788921724 164 514 191.433313334 420.21157089 553.882131552 73.7627443742 
156.218224085 527.831619371 187 533 175.494457685 471.083384463 550.463760791 73.5132359491 
160.053608228 523.261354188 167 563 213.17530337 459.961245324 547.192472804 72.9923340064 
160.700283408 523.261354188 203 562 169.767190475 523.261354188 547.381974378 72.9276052933 
164.813379679 532.426341303 220 566 219.81476107 654.982906628 557.352006397 72.8000102577 
174.791833262 538.312257255 231 663 310.376517702 618.288583279 565.97903785 72.0112089024 
182.827655794 549.226571679 309 615 294.925711638 701.478991743 578.857304317 71.5883263554 
192.631987955 554.081391507 289 622 330.405193586 622.302671612 586.611686892 70.8294767221 
216.728292986 575.050206463 252 610 526.95710448 845.014025971 614.535509905 69.3492830818 
220.549789792 591.67949753 239 609 268.559287048 800.593424292 631.448206565 69.5569532315 
228.734604965 591.67949753 227 543 343.478061558 591.67949753 634.353330018 68.8642301599 
223.750398924 591.67949753 201 552 151.039649415 591.67949753 632.573212218 69.2853125013 
230.595358683 597.070566893 213 547 329.282709372 674.796422344 640.052717591 68.8828792204 
230.298151776 595.037032279 229 526 226.159766895 566.721576918 638.04882924 68.8419863978 
235.848667269 590.472861767 229 491 314.045164115 526.172141321 635.832363392 68.2270770315 
235.818568076 550.783877532 232 554 235.462394643 81.1313559734 599.143786414 66.821772232 
235.818568076 552.743780516 309 559 235.818568076 583.92547048 600.945990875 66.8953198856 
235.818568076 558.919623474 276 583 235.818568076 659.428777741 606.631306935 67.124215656 
234.822627165 558.919623474 245 610 218.939523524 558.919623474 606.244844706 67.210938368 
237.033018669 558.919623474 249 609 271.180906312 558.919623474 607.104437015 67.0186156699 
239.21565675 553.334264116 249 485 271.558683903 470.568627895 602.829112004 66.6203643295 
239.329173025 549.201707943 240 528 241.172860545 482.08232585 599.083440823 66.4535615367 
246.886350316 542.790919594 265 510 364.382480682 443.11841032 596.300974648 65.5417692059 
253.894147483 546.283151935 290 481 359.220529954 598.771000883 602.401460999 65.0725700406 
